23.32000
35.94000
49.70000
55.52000
62.18000
68.98000
65.88000
69.26000
71.20000
73.98000
73.20000
78.92000
74.02000
79.98000
81.02000
80.92000
78.42000
81.18000
80.36000
80.50000
74.66000
73.96000
75.38000
79.18000
81.10000
78.72000
80.72000
79.02000
76.82000
76.32000
77.68000
82.46000
78.72000
73.88000
78.08000
75.04000
83.02000
78.08000
77.18000
82.94000
81.36000
78.64000
82.16000
82.02000
75.56000
84.32000
80.98000
81.12000
80.88000
84.70000
81.36000
80.42000
81.74000
82.84000
83.66000
82.26000
81.18000
83.24000
80.14000
81.74000
83.50000
81.00000
81.12000
83.64000
83.44000
84.20000
83.34000
82.82000
85.34000
84.60000
84.54000
84.84000
80.18000
85.74000
79.20000
84.36000
83.10000
82.96000
86.10000
85.66000
86.24000
86.46000
83.68000
87.68000
86.36000
86.50000
82.48000
87.70000
84.86000
86.36000
86.16000
85.32000
85.56000
87.58000
86.98000
88.04000
89.06000
84.48000
85.16000
88.18000
86.30000
87.38000
87.20000
85.60000
88.66000
82.86000
86.96000
88.52000
85.70000
87.92000
86.52000
88.10000
88.42000
88.12000
88.42000
89.30000
88.86000
89.74000
90.28000
86.96000
89.40000
89.96000
89.00000
89.96000
87.66000
89.10000
89.08000
88.40000
90.62000
89.38000
90.68000
89.30000
90.40000
88.86000
90.94000
91.10000
90.20000
90.24000
89.96000
90.76000
90.86000
91.88000
91.64000
90.24000
91.46000
91.06000
91.52000
91.62000
92.08000
92.82000
92.64000
92.62000
91.62000
91.96000
93.04000
93.16000
92.06000
92.74000
93.32000
92.92000
92.96000
92.86000
93.40000
93.68000
93.42000
93.58000
94.26000
94.30000
94.22000
94.24000
94.10000
94.68000
94.30000
94.66000
94.86000
94.42000
94.86000
94.74000
94.98000
95.26000
94.88000
94.94000
95.10000
94.96000
95.04000
94.98000
94.94000
95.04000
95.04000
95.16000
95.14000
95.06000
95.04000
94.94000
95.14000
95.14000
95.16000
95.08000
95.18000
95.12000
