47.19000
63.76000
66.04000
72.36000
75.11000
77.60000
77.20000
75.96000
77.16000
80.99000
79.26000
77.74000
80.90000
80.12000
79.34000
81.00000
74.68000
79.06000
77.86000
83.33000
80.81000
80.50000
82.03000
82.03000
79.68000
81.99000
82.99000
84.18000
83.40000
84.79000
84.51000
83.39000
81.02000
82.87000
80.52000
77.71000
81.99000
83.64000
78.55000
83.52000
85.67000
75.40000
76.58000
81.62000
79.73000
81.76000
83.79000
84.77000
84.36000
84.92000
79.53000
80.29000
80.76000
64.36000
83.88000
85.33000
79.35000
84.40000
84.33000
82.07000
83.45000
84.90000
83.48000
84.65000
82.12000
85.88000
83.62000
83.73000
84.34000
86.28000
86.41000
86.69000
86.53000
84.67000
83.19000
86.27000
86.80000
84.66000
84.15000
84.86000
86.86000
86.05000
85.87000
86.17000
84.50000
85.28000
86.20000
85.70000
85.82000
86.00000
87.80000
87.61000
88.00000
85.41000
86.51000
79.06000
87.13000
87.75000
87.21000
87.18000
87.80000
85.44000
85.99000
88.17000
88.09000
89.10000
88.01000
88.49000
88.49000
89.44000
88.73000
88.57000
85.33000
89.93000
89.08000
88.33000
86.79000
89.46000
90.90000
90.16000
89.37000
90.03000
89.59000
90.45000
87.86000
90.16000
89.78000
88.92000
88.50000
89.05000
90.61000
90.66000
90.10000
90.80000
91.35000
90.80000
89.20000
91.07000
90.66000
90.63000
90.47000
91.48000
90.61000
91.32000
91.72000
91.46000
91.49000
92.24000
91.97000
92.04000
92.14000
92.08000
92.06000
91.77000
92.72000
92.87000
92.64000
93.24000
92.76000
93.43000
93.65000
92.64000
93.87000
93.94000
93.96000
93.60000
94.30000
94.04000
94.26000
94.63000
94.50000
94.38000
94.80000
94.65000
94.65000
94.78000
94.83000
94.82000
94.90000
95.04000
95.01000
95.01000
94.88000
94.96000
95.08000
95.05000
95.07000
95.06000
95.04000
95.08000
95.07000
95.12000
95.08000
95.09000
95.03000
95.17000
95.12000
95.10000
95.03000
95.13000
