34.28000
47.04000
60.38000
57.48000
65.06000
67.52000
68.12000
71.34000
72.30000
71.80000
71.64000
75.78000
74.46000
78.14000
66.12000
78.64000
79.02000
79.62000
80.12000
78.30000
81.40000
73.78000
82.02000
75.08000
76.98000
64.56000
79.92000
81.84000
78.12000
77.08000
79.62000
80.50000
80.88000
85.54000
84.48000
78.22000
80.32000
83.16000
80.76000
83.74000
79.84000
82.10000
74.66000
78.94000
80.88000
79.98000
84.14000
78.60000
77.64000
83.30000
81.76000
79.94000
83.08000
84.38000
80.38000
82.32000
82.36000
83.20000
80.02000
85.48000
81.90000
83.84000
81.22000
85.20000
83.42000
80.54000
86.04000
84.72000
85.26000
83.96000
85.28000
82.38000
85.72000
86.94000
86.42000
83.52000
84.72000
84.04000
84.22000
85.40000
84.22000
83.28000
85.88000
87.76000
86.52000
81.06000
82.84000
85.94000
84.18000
86.22000
86.88000
86.50000
85.36000
87.22000
85.14000
87.74000
88.24000
88.16000
88.40000
88.50000
86.58000
85.78000
88.16000
89.50000
88.78000
88.16000
88.82000
84.92000
87.72000
88.04000
88.94000
88.34000
88.32000
89.28000
89.54000
90.36000
87.90000
89.60000
90.54000
88.92000
88.40000
90.22000
91.00000
89.44000
91.24000
89.56000
91.56000
91.84000
90.70000
90.22000
88.98000
91.72000
91.34000
89.30000
89.84000
90.92000
91.84000
90.98000
91.18000
91.34000
91.56000
90.94000
90.92000
92.66000
92.34000
91.38000
92.48000
92.28000
91.86000
91.54000
92.74000
92.72000
92.16000
93.28000
93.12000
93.06000
93.72000
93.04000
93.98000
93.54000
93.34000
93.22000
93.34000
93.02000
94.16000
93.74000
94.20000
93.84000
93.60000
94.26000
93.80000
94.08000
94.40000
95.08000
94.98000
94.30000
94.64000
94.34000
95.08000
95.10000
95.06000
95.20000
95.28000
95.08000
95.54000
95.32000
95.36000
95.28000
95.24000
95.26000
95.60000
95.42000
95.42000
95.58000
95.44000
95.50000
95.50000
95.46000
95.60000
95.52000
