24.14000
33.56000
42.44000
47.00000
53.60000
54.18000
60.00000
67.82000
68.24000
70.16000
71.10000
69.02000
73.82000
76.60000
71.90000
72.24000
69.94000
77.30000
79.36000
75.38000
76.80000
78.88000
78.32000
69.72000
77.64000
75.56000
72.34000
73.30000
72.56000
72.30000
77.82000
78.34000
78.20000
78.20000
71.68000
77.46000
79.62000
78.54000
81.20000
80.08000
77.08000
81.28000
82.04000
77.20000
82.76000
74.30000
78.80000
80.50000
83.36000
82.52000
72.76000
77.90000
82.80000
75.20000
82.72000
78.80000
78.08000
83.68000
83.88000
80.42000
78.26000
77.20000
83.62000
82.40000
81.82000
81.00000
82.40000
79.92000
81.28000
82.64000
82.86000
82.28000
85.34000
85.14000
83.42000
83.88000
80.46000
82.76000
82.06000
85.84000
82.06000
79.50000
85.54000
85.46000
83.96000
84.84000
82.56000
81.14000
85.84000
85.40000
81.00000
84.90000
83.74000
84.62000
86.96000
86.16000
86.48000
86.70000
87.16000
84.52000
81.72000
88.20000
84.60000
84.40000
83.70000
87.82000
87.00000
85.84000
87.02000
88.56000
86.08000
87.72000
85.88000
86.30000
86.02000
88.30000
89.08000
89.64000
87.76000
84.40000
87.56000
90.06000
88.70000
88.34000
89.68000
88.64000
87.86000
89.30000
89.38000
88.38000
90.48000
87.38000
88.32000
90.38000
90.44000
90.14000
90.70000
87.20000
90.08000
90.80000
90.16000
90.90000
90.80000
89.96000
91.70000
91.52000
90.92000
91.44000
92.00000
91.98000
91.76000
90.58000
92.60000
92.12000
92.18000
93.10000
92.36000
93.54000
92.52000
93.44000
91.92000
92.60000
93.40000
93.50000
94.18000
94.46000
94.04000
94.42000
94.56000
94.02000
94.42000
94.30000
95.10000
94.74000
94.40000
94.80000
94.50000
94.48000
94.76000
94.80000
94.72000
94.70000
95.14000
95.08000
95.18000
95.42000
95.42000
95.42000
95.52000
95.90000
95.84000
95.52000
95.70000
95.60000
95.42000
95.74000
95.70000
95.64000
95.84000
95.62000
