28.12000
37.32000
48.42000
52.16000
59.54000
62.04000
59.80000
69.46000
73.98000
73.86000
72.94000
72.20000
75.88000
75.20000
79.76000
74.08000
76.74000
70.72000
78.96000
79.48000
75.90000
77.54000
82.14000
75.78000
77.44000
81.24000
80.84000
81.86000
79.24000
78.44000
78.28000
72.52000
79.22000
80.04000
82.10000
81.44000
79.90000
76.62000
76.28000
82.62000
82.20000
84.32000
79.06000
81.34000
81.92000
84.44000
76.86000
84.70000
80.28000
80.04000
73.82000
83.48000
82.54000
84.18000
86.32000
81.10000
83.90000
79.70000
81.94000
81.82000
79.74000
82.94000
81.84000
84.42000
82.54000
82.22000
83.78000
84.62000
84.26000
82.82000
83.40000
80.88000
85.40000
83.46000
76.80000
80.18000
85.62000
84.90000
82.52000
84.30000
84.84000
85.08000
86.04000
85.74000
82.50000
84.12000
73.76000
84.68000
86.40000
85.86000
86.96000
86.56000
87.12000
87.46000
86.32000
87.30000
86.62000
87.46000
88.18000
84.48000
87.30000
84.12000
88.02000
84.94000
87.84000
90.20000
87.94000
88.10000
87.46000
86.70000
88.68000
88.04000
88.58000
89.16000
87.98000
89.22000
87.48000
88.16000
90.52000
90.60000
89.28000
89.76000
90.76000
90.34000
89.32000
89.64000
88.62000
89.84000
90.08000
89.84000
91.24000
89.78000
89.16000
90.22000
90.66000
91.68000
88.80000
90.78000
91.74000
90.60000
91.46000
91.22000
91.28000
92.58000
91.84000
92.32000
92.06000
91.62000
92.48000
92.12000
92.14000
92.94000
92.64000
92.86000
92.36000
92.76000
92.46000
92.70000
92.88000
92.96000
92.90000
93.58000
93.72000
93.52000
94.22000
94.28000
94.06000
94.72000
94.68000
94.72000
94.46000
94.50000
94.36000
94.48000
94.70000
94.86000
95.00000
95.04000
95.28000
