22.26000
31.98000
40.24000
49.10000
53.66000
57.38000
62.94000
63.82000
64.20000
69.54000
71.68000
72.60000
74.46000
73.84000
67.14000
73.94000
76.04000
76.56000
72.62000
77.32000
78.10000
77.08000
77.02000
77.46000
76.00000
82.32000
75.98000
77.90000
76.82000
76.58000
77.60000
82.56000
76.74000
74.22000
73.74000
78.20000
81.24000
78.64000
81.36000
72.66000
80.84000
79.84000
80.42000
83.10000
74.40000
84.48000
84.84000
82.08000
76.86000
83.40000
81.58000
83.16000
76.90000
84.58000
81.08000
82.48000
81.46000
83.14000
79.34000
85.50000
78.44000
84.08000
79.70000
84.76000
83.26000
83.18000
83.90000
82.20000
79.36000
83.44000
81.36000
85.44000
84.10000
82.52000
80.68000
82.14000
77.88000
77.22000
79.92000
84.42000
81.60000
83.42000
75.34000
82.94000
85.90000
87.06000
77.86000
86.70000
84.98000
86.90000
82.34000
81.44000
83.24000
84.44000
85.10000
86.48000
86.06000
76.60000
83.94000
85.04000
87.44000
85.90000
86.60000
87.32000
85.50000
85.94000
87.80000
83.48000
89.24000
88.40000
88.52000
86.72000
86.34000
86.32000
88.36000
89.06000
89.20000
89.50000
89.96000
88.48000
89.26000
89.12000
85.90000
88.00000
89.96000
90.60000
88.16000
88.20000
90.14000
88.52000
90.70000
90.62000
90.80000
86.52000
89.38000
89.72000
89.06000
90.02000
91.54000
89.78000
90.68000
90.36000
92.02000
91.60000
90.80000
91.92000
89.40000
91.20000
92.20000
91.06000
91.86000
92.44000
92.58000
92.62000
91.74000
92.76000
92.64000
92.76000
93.42000
93.34000
93.88000
93.46000
93.72000
93.78000
93.62000
93.46000
93.96000
93.90000
93.96000
94.50000
94.16000
94.36000
94.70000
94.54000
94.46000
94.64000
94.88000
95.20000
95.06000
