45.11000
55.59000
58.31000
69.36000
73.20000
73.02000
73.93000
76.27000
78.98000
81.51000
79.85000
77.16000
74.37000
82.38000
76.36000
82.18000
80.62000
79.22000
83.44000
79.80000
81.39000
81.96000
82.64000
84.27000
82.81000
82.35000
81.49000
82.04000
84.46000
82.01000
83.81000
83.61000
85.02000
82.75000
79.86000
82.45000
85.49000
85.01000
84.48000
83.48000
85.39000
85.30000
85.14000
85.99000
84.01000
82.84000
84.77000
86.50000
84.69000
83.09000
81.76000
84.27000
87.04000
84.87000
83.92000
83.14000
85.02000
84.69000
85.32000
86.34000
84.93000
86.46000
87.18000
85.59000
81.98000
84.90000
87.73000
77.75000
86.99000
85.64000
87.02000
83.24000
86.11000
88.43000
88.16000
84.35000
87.89000
87.14000
86.72000
88.26000
86.01000
84.37000
85.88000
85.20000
84.39000
86.66000
87.53000
85.43000
88.09000
88.06000
87.97000
90.74000
89.44000
89.33000
83.89000
87.63000
90.09000
83.31000
87.84000
88.63000
86.99000
87.83000
90.53000
89.31000
89.16000
89.96000
89.48000
89.00000
88.53000
89.24000
86.70000
90.94000
90.93000
90.34000
89.54000
89.25000
89.46000
90.67000
90.75000
88.91000
89.90000
90.76000
91.92000
89.95000
91.38000
90.86000
91.05000
91.79000
90.68000
90.56000
91.10000
91.14000
91.36000
90.96000
89.54000
91.19000
91.49000
91.35000
91.83000
88.80000
91.60000
91.08000
91.81000
92.33000
92.38000
92.63000
91.11000
92.06000
92.14000
93.46000
92.60000
92.00000
93.17000
92.87000
93.21000
93.03000
93.70000
92.76000
93.42000
93.88000
93.15000
93.91000
93.66000
94.12000
94.55000
94.46000
94.55000
94.08000
94.85000
94.82000
94.95000
95.07000
94.89000
95.04000
95.08000
95.30000
95.26000
95.32000
95.43000
95.44000
95.53000
95.39000
95.47000
95.39000
95.44000
95.43000
95.60000
95.49000
95.53000
95.51000
95.55000
95.48000
95.55000
95.57000
95.60000
95.57000
95.56000
95.50000
95.60000
95.61000
